1.923774307494104940e-01
3.659787796200039134e-01
9.868754551736506064e-01
3.592173856260318932e-01
6.312851565708502699e-01
1.595338937117737332e-01
8.296434853852308056e-02
2.350744739228802782e-01
5.707625823949729060e-01
3.145243966082374998e-01
5.602795336601760212e-01
4.264311447300036528e-01
6.959288924721237501e-01
9.410670753376123576e-01
5.479751724332125873e-01
4.549249205985127498e-01
5.520332948422801422e-03
8.833851515332853399e-01
9.523846468726498982e-01
7.796834811478055016e-01
2.683766209111466683e-01
8.657034039595031816e-01
7.958443568349607977e-01
8.498230855008307438e-01
5.816551716176338038e-01
5.299211583541838522e-01
5.665292434807190913e-01
5.441876849833233720e-01
1.546058546384773136e-01
6.214330779532649673e-01
3.589079709150415631e-01
6.773946926662886003e-01
3.818407136538437552e-02
4.408557740543523895e-01
2.959653261164968407e-01
4.070747607433037318e-01
3.481492884322709980e-01
7.708052257127484541e-02
8.353567486292993172e-01
5.063386288778743971e-01
4.883385785481936248e-01
5.122168213233426748e-01
5.726127723561356131e-01
9.160545451596076028e-01
2.649546439183347868e-01
5.055438718111249230e-01
7.656031723677040324e-01
6.200449797928825335e-01
7.009172585053152771e-01
2.814016934232301814e-01
5.020675025148421122e-01
4.479716604920587208e-01
5.556888026799835512e-01
7.074070886812002801e-01
6.074412521319254576e-01
9.359898362595225896e-01
7.611441665522067357e-02
3.899588798784915378e-01
1.718839145492467857e-02
1.217008967417658738e-01
6.580688683639184244e-01
4.704702105442691851e-01
9.791388054502224714e-01
2.435312120243439127e-01
9.574337353353896685e-01
3.676553812416306632e-01
8.954492044699621234e-01
6.742166928790493952e-02
6.833184869194495192e-01
7.629989068573864719e-01
8.094509339986208918e-01
4.959073167413883265e-01
5.396738248176575770e-01
2.014765744697655236e-01
5.234205158982396799e-02
9.680074331936262544e-01
3.242268026412764570e-02
9.661186369034873156e-01
9.335712989321288680e-01
8.441096058648817069e-01
2.271211880800084737e-01
3.075535079741913425e-01
3.674810305476382544e-01
6.105954162400992757e-01
5.956910918414112244e-01
2.856268996391162496e-01
8.897503542021873990e-01
1.260234467825289695e-01
6.067560689852830036e-01
1.033064082417208818e-01
8.944841137961294653e-01
6.422227901951824691e-01
5.994851565588098508e-01
4.272849995820982016e-01
8.536042102760672545e-01
6.972014821775507354e-01
7.046061196585272635e-01
3.756967717812353946e-01
4.370877562161989971e-01
7.329683180507827744e-01
1.778720667628418406e-01
6.435041351216960193e-01
7.813295116942859941e-01
5.633319179896705275e-01
9.134698142772575968e-01
8.040940874667127369e-01
5.809446096804932180e-01
5.951918745594483307e-01
3.525807495828358062e-01
6.930515921354652997e-01
9.266873993610991178e-01
4.775711964721989222e-01
5.350664448408307683e-01
7.728764807151542460e-01
7.688627003969974449e-01
3.814971945329891367e-01
6.591976846731119055e-01
8.361337158223400845e-01
1.945888839014926486e-01
9.293171821037232716e-01
6.788454138213251277e-01
8.344568664369528266e-01
3.979262229584877852e-01
6.847798900198586169e-01
7.764692243787386650e-01
9.079224993697954105e-02
8.372629132472131364e-01
5.864632877724447191e-01
6.765068264627502881e-01
7.277401639088972862e-01
9.550481156493535462e-01
1.423278121763651427e-01
4.179475720877904310e-01
7.711782036913498173e-01
3.935028862552478746e-01
4.439408781414315719e-01
6.056889947591059808e-01
3.161103392878193974e-01
3.444658593923088930e-01
9.648603103353818877e-01
1.378318091600096995e-01
6.395388628466285308e-01
4.504162700532607921e-01
2.035105237982074433e-01
7.265554898285239149e-01
7.346694636399254685e-01
4.002819901432316252e-01
1.044388535718435707e-01
7.009154757764386456e-01
4.754241661060816249e-01
5.913331295802722876e-01
2.384151896296810014e-01
8.812644604762975842e-02
9.651992818915319239e-01
7.047113180426523016e-01
7.454764031581850858e-03
6.335065745401025072e-02
6.985414222802935891e-01
2.049251308908951463e-01
3.709342701686920707e-01
5.208244156227979094e-01
5.417496622988595689e-01
5.339370725972640841e-01
4.829413050616924163e-01
2.140068632296477924e-01
8.396129144938897504e-01
5.507801603245787714e-02
8.806726385614250807e-01
2.786223855328551213e-02
7.640226979388715645e-01
9.567105525300610980e-01
6.376416329611246381e-01
9.035927715374699742e-01
5.749175429416980565e-01
5.769117894031098315e-01
9.695898183485239796e-01
2.491526515082075344e-01
2.917507910844980845e-01
9.002838578869231112e-01
8.019737027585132072e-01
5.281989638602970771e-01
9.925797585290736524e-01
2.309908363309621793e-01
3.393433027956216375e-02
5.406485218994194764e-01
1.859614958231508020e-01
5.546588556681500970e-01
7.615756502807794481e-01
5.253389645655897056e-01
8.866816184218218044e-02
6.017222494332020721e-01
8.027045364664454619e-01
9.065735658197756619e-01
7.384296998779138477e-01
5.045226692025671644e-01
6.563963991092363059e-01
7.459075847614694554e-01
7.672931901616887318e-01
4.058395828409395723e-01
5.914838099894759171e-02
3.519965405332597941e-01
9.247994615501694549e-01
6.560246790962522834e-01
2.002677628317129921e-01
4.311189796749487213e-01
3.528768924096203907e-02
8.303067957741269156e-01
2.524956540920527681e-01
4.879571066402502710e-01
3.648383694109913478e-02
6.736982636899284671e-01
9.505180673655949652e-01
4.524215993763842647e-01
8.256914297880759701e-01
1.458844410461417329e-01
4.646805957594293268e-01
6.396095419116153424e-01
6.034859506725920308e-02
8.892282363628021269e-01
7.723317976734123125e-01
7.099612164674151682e-02
5.234207751010210297e-01
3.003508369423805169e-01
6.494951310420263857e-01
5.336412042632018293e-01
8.602507801854569758e-01
9.399343980346200889e-01
4.213771051297361403e-01
8.462939660477424297e-01
8.170060482165382165e-01
2.448781744173571528e-01
3.857913257722443978e-01
3.121911702679863732e-01
4.239868226554724950e-01
3.524260516427424328e-01
5.318439684354008268e-01
2.438751649572253877e-01
6.089381892810421526e-01
4.513634688335887990e-02
2.290181893103468980e-01
2.719787648199841756e-01
5.161504241710062058e-01
7.290223899174651523e-01
2.001523888738551138e-01
7.605759039579517156e-01
7.761408995364779129e-01
3.255304195653596633e-02
3.769841281428202295e-01
2.837217412268069339e-01
6.466728177441682934e-01
7.690039189142413578e-01
5.839788301619184274e-01
4.965745119244077133e-01
6.477631654901150338e-02
9.997551172509586692e-01
8.942153479957748452e-01
7.205640168579992011e-01
4.265103108472103610e-01
1.421416785327722643e-01
2.052958636173328744e-01
3.495107853888455018e-01
3.518730077360064934e-01
8.452661835309562832e-01
2.924380346286993282e-01
7.608419172704899980e-01
2.904834255476794747e-01
6.758410424683725104e-02
9.285006752292389587e-01
4.089380404326229401e-01
6.976881027012262759e-01
1.567465409514104957e-01
4.612322367135370804e-01
2.974090395992280422e-01
2.535983265827341793e-01
1.966109250625314164e-02
1.023327697804918834e-01
5.238920375271534091e-01
5.940472732654500376e-01
9.303757223348706473e-01
3.246793768000205693e-01
4.112955663211202983e-01
3.526097733796386136e-01
5.347539425299863147e-02
5.526237023744895449e-02
1.922300230373886754e-01
1.116748754863794435e-02
3.005604225410978270e-01
8.919373457193521260e-01
9.561829258374343610e-01
2.452630469612354647e-01
5.702504886447179455e-01
8.224293524387649157e-01
3.169881703593036004e-01
2.831611562023328421e-01
3.308019600850041764e-01
7.165470420695462250e-01
1.335682474246523421e-01
9.226208546919044684e-01
3.825961324734360458e-01
9.336495454681442707e-01
5.921146161429455823e-01
6.000510817948879749e-01
9.348812914988504641e-01
8.418023153318594520e-01
3.034989516974067048e-01
3.877012400703943040e-01
1.049953377452046421e-01
4.826871987669633102e-01
9.160071522046303594e-01
5.575023994834076291e-01
3.135493542971794501e-01
5.390505936637053352e-01
4.098102078169896245e-02
1.274703166737655158e-01
1.126768368600247205e-01
7.363191117946736863e-01
1.757686858404731156e-01
2.300852732708150716e-01
2.000381181700846556e-01
9.970627763948237687e-01
2.823014319363659208e-02
5.439266738985276683e-01
6.725255363485000970e-01
7.176050014257731036e-01
2.948152110827108041e-01
9.041427600992637537e-01
2.305034340244309643e-01
8.949747581622179426e-01
2.672291680121587909e-01
1.209654929499499598e-01
8.997977149347392567e-01
4.346171553413766819e-01
9.036490032231310199e-01
3.654991636108322339e-01
6.988154092093424863e-01
9.877990342657483325e-01
8.712908512601642563e-01
4.406829898669876178e-01
6.732445299809834971e-01
1.959296246821297105e-01
5.510101876358030060e-01
9.708691384902522481e-01
1.923025351620242240e-01
3.881177029115332466e-01
5.438740384177837006e-01
4.525928681651721908e-01
7.295090632942212716e-01
9.625202821698791711e-01
6.698462591249731979e-02
9.537346859731463677e-01
1.587491924075460359e-01
6.356862762419196455e-01
5.971633934588675974e-01
8.367955537530640253e-01
5.894277004996137936e-01
8.130864016921613979e-01
9.541278490916819122e-01
3.933807529530052305e-01
7.673351303594863060e-01
5.864516330867605154e-01
1.909145357329300463e-02
2.414197514091617203e-01
1.177497789540086215e-01
5.327300109262590455e-01
2.148141390405482465e-01
8.366006792389965030e-01
2.925657303292540368e-01
2.253870606727773618e-01
8.938041737037100143e-01
2.385469785809671839e-01
6.341855486081913185e-01
5.777533439524357162e-01
8.846053432733069766e-01
3.466972891442763327e-01
6.929582910351580471e-01
1.465831394747271199e-01
4.063062506227891335e-01
3.729176524864141751e-01
2.897388384724113308e-01
3.245973330418668867e-01
5.818061195696273558e-01
1.845770566029613091e-01
7.410514709447153514e-01
8.719652648174646137e-01
6.233305590376052585e-01
6.398272485644042051e-01
9.351373218195606629e-01
2.809033112091611217e-01
7.373006560540673604e-02
3.626983422405727353e-01
8.856313872158940725e-01
1.830230949850527589e-01
9.400803119710970934e-01
1.835083873982682467e-01
1.184750324558231371e-01
8.468402722530943283e-01
9.645639542215956874e-01
2.979769263730728257e-01
1.983545670260882243e-01
9.080731710502945031e-01
1.137905811475912188e-01
8.595184048556320233e-01
9.752278558397139419e-01
2.452240669551383201e-01
5.571361908056807755e-01
3.469607566712472613e-01
3.058853891817052695e-01
2.259496293320040206e-02
4.440567565467524735e-01
4.282432762747629962e-01
8.277819321832133870e-01
3.746661534295301355e-01
2.064889680570752839e-01
6.130598358206755805e-01
5.121075972110528118e-01
8.343093118939891584e-01
5.666325186951709503e-01
7.240645987477930534e-01
1.534030268909918338e-01
9.727832271609956338e-01
2.650106729306118680e-01
6.070187077138312626e-01
7.311931973653027494e-01
9.934949457237443049e-01
4.141488850214697370e-01
4.288138696850153364e-01
4.619869465037085288e-02
7.994035266828394271e-01
2.837611027008392073e-01
8.074122396190897000e-02
5.536279182320226200e-01
9.494856522332600912e-01
9.930691324920082330e-01
2.643446387397005992e-01
7.946153864916805087e-01
1.274702535782696877e-01
8.630100009938975747e-01
9.560666081206240507e-01
9.566081080727293351e-01
9.854787992214377734e-01
9.691058713325657603e-01
9.419157846618207985e-01
3.786764903985785358e-01
8.703630251365334081e-01
5.812661934917728868e-02
1.563777202259488686e-01
9.734222410270952919e-01
9.103932106384020617e-01
1.825985579707322115e-01
3.815863398839789422e-01
4.950485044689774128e-01
7.793364251389663933e-01
8.859323400490968226e-01
6.730653774585925175e-01
9.206952198447001523e-01
9.828593418336050158e-01
6.763792183556466275e-01
4.495602349879809223e-01
1.555626414355132381e-01
9.894887217108458977e-01
1.130330850161972434e-01
8.964093044762494467e-01
3.611548359917012840e-01
3.389869277121114743e-01
4.714844907260307139e-01
7.673430580714465377e-01
6.464766429017601013e-01
1.194719317298476025e-02
4.054041490766793210e-01
7.509444959539042230e-01
3.898378694576759562e-01
8.645936595226610955e-03
4.586421629879929851e-01
4.303393810260337515e-01
3.473356622884418154e-01
3.902390564151643204e-01
6.065582783344735107e-01
7.893418315898339532e-01
8.266416231469735365e-01
6.898398339210488617e-01
4.268607099825051376e-01
7.374896403543860224e-01
8.521413538679680766e-01
1.516868583053100350e-01
4.104067374894171394e-01
5.089691164368965737e-01
6.859342134477091069e-01
5.252623604786241795e-01
5.388545311111032632e-01
7.977274924550915580e-01
5.773252734518078411e-01
9.098254462961419264e-01
6.060992924244656965e-02
4.669292010329851861e-01
6.304243757258964909e-02
1.280574236240884511e-01
8.513632733831912880e-01
9.705320203335576768e-01
8.688906797969722096e-01
1.931294438282223913e-01
3.309907597372044874e-01
7.226952250924807419e-01
9.532388680717331919e-01
6.889901385161636416e-01
5.440332315369145189e-01
3.239234411241033174e-01
2.518286186191640574e-01
1.774934784486874584e-01
9.616445183234220151e-01
8.709146313746651824e-01
6.714204119993844033e-01
3.764629016827565344e-01
4.767035969932714723e-01
9.103146592029596196e-01
9.363357608330487025e-01
5.289163531433664911e-01
4.043364833192075736e-02
9.921597287189359848e-01
6.221919169894988277e-01
6.866262802844863566e-01
7.253043968214848425e-01
3.218790428602398279e-01
5.587915591179538621e-01
3.155401285170302828e-01
6.154351018488156688e-01
7.010685481053046120e-01
9.479205100891463509e-02
1.012788381629758927e-02
5.863128160874380157e-01
5.829577198299826790e-01
3.252444484590248930e-01
2.174043659311652998e-02
5.838303008233629576e-01
1.124429841938952013e-01
8.247456106755328697e-01
6.191003566833979121e-01
8.847696689800844672e-01
4.160315127347270492e-01
6.354938210548684019e-01
7.431081370406265041e-01
7.733121154765395522e-01
9.200781132930138106e-01
6.244091343233114655e-01
7.027007303891940060e-01
5.762649004166434663e-01
6.794766185640646050e-01
3.545688871551058163e-01
4.546596014631413274e-01
7.988847025055548778e-01
6.815186140980757923e-01
4.191707087200262638e-01
9.903770007992105384e-01
5.645167579313331574e-01
7.617413993922290683e-01
4.512684083439791882e-01
4.162988372210473242e-01
6.673175877329617922e-01
6.319895596536105886e-01
9.897310034290850433e-01
5.313151578921930795e-01
2.571417948852883217e-01
3.776444517487731467e-01
4.329171724898515095e-01
3.363978023990433774e-01
3.155978151281529920e-01
2.795986519641385781e-01
7.902214691779321232e-01
2.152815848384023178e-01
7.981474139307258575e-01
9.333269206906769089e-02
1.759679020643152292e-01
6.955498376446789255e-01
6.837993376140714119e-01
9.582310424825313255e-01
7.899555915410481077e-01
8.806471718954254069e-01
7.008926899300050861e-01
6.667134574907076505e-01
6.793913139018515901e-01
5.939303515116256538e-01
3.577828615430782566e-01
1.179184810638527203e-01
2.919917052415808012e-01
5.952721986422128131e-01
2.153405684734049919e-01
4.390954815906186193e-01
4.537019286497441239e-01
2.519818342351795026e-01
9.532763114524007708e-01
4.369919845196867936e-02
1.882260865664108218e-01
5.768590375564069950e-01
4.269482854778220426e-01
3.500015549652304436e-01
5.260799420840021057e-01
9.590385274546866512e-01
7.048669054687954905e-01
4.263929064217567566e-01
8.781189004884996097e-01
3.525897330880227720e-01
4.092923020660221844e-01
9.098251537174300019e-01
4.631745950618276764e-01
7.043334550928641580e-01
2.784605925681189476e-01
9.958012357011190030e-01
7.700091398937909393e-01
7.685324549933979510e-01
3.122283234316641787e-01
4.653474882466360762e-01
9.697777960528202179e-01
2.617418815459232606e-01
4.349886231337604103e-01
6.043605565770566734e-01
2.109571239614570493e-01
8.700537172779360118e-01
3.088244611704049625e-01
9.490592009797051976e-01
6.103559397746823878e-01
2.983522331782995085e-02
5.860039334805080546e-01
4.413946999096284296e-01
6.800446156646543505e-01
2.959882912129301324e-01
7.622060015602791783e-01
1.655686056345502255e-01
3.691171374109294412e-01
6.534154573118714504e-01
6.426461858817095196e-01
9.849331738946646153e-01
2.502280752623990967e-01
7.941619305548799357e-01
1.833889744965871982e-01
1.872078976818263296e-01
5.810395711293228072e-01
6.188784888219484026e-01
3.679755789318552850e-01
5.634996272427066355e-01
7.821220702473941078e-02
5.847809607637169949e-01
2.152285438900481962e-01
2.904246422239598058e-02
6.679967757542952800e-01
6.273182606974980757e-02
8.370090044587368272e-01
3.847723349908289681e-01
8.067408501967875400e-01
5.411573086472931671e-01
7.680112366521471001e-01
8.056668973141813961e-01
9.241143523998337495e-01
1.860156197732841798e-01
3.605679103588208534e-01
5.225574577279784583e-01
7.706036061600894937e-01
5.533554897030943387e-01
9.568999184964758209e-01
8.414651569498687866e-02
2.667252056634620283e-01
7.067811064932042475e-01
2.322387314908553879e-01
7.016345251442931419e-01
4.975393355106912940e-01
3.559025792806476129e-01
1.751872292085858707e-01
2.706570604735260011e-01
2.647714054865346611e-01
9.555986106589963169e-01
4.433935311024139736e-02
4.169923947990190616e-01
1.568970392598789676e-02
9.015278077398868328e-01
7.773073312232937626e-01
2.564284595794918964e-01
6.130880931999767025e-01
4.030642281597544008e-01
9.225470504270605332e-02
5.746793581490106106e-02
1.704936877265301742e-01
2.540027413489344132e-01
6.155634513500674032e-01
8.990622651063053805e-01
5.700354745462478112e-01
4.203269078352103172e-01
5.115904527309811378e-02
2.721604253449282362e-01
4.050185155645246171e-01
1.189795417807415490e-01
2.562185443542300822e-01
1.203071627475147398e-01
2.816686702506917550e-01
9.937115370410450899e-01
1.562973774296233520e-01
2.581108002924847877e-01
4.161500319659703351e-01
9.523189191083243355e-01
1.151158251431896318e-01
1.260324329560553736e-01
7.245711787576194496e-01
8.291780596356925770e-01
3.703660311327547916e-01
3.538440265063226287e-01
4.280330614986542770e-01
1.388607159964480031e-01
6.432634777312306040e-01
6.764080395738124585e-01
8.425546684329954239e-02
3.550777908567503971e-01
3.457043933214448694e-01
4.817805520416242882e-01
5.623415638752039536e-01
6.873598844915711492e-01
4.988118668684291546e-01
9.887511399447923566e-02
4.905369526801551805e-01
8.361201875502516367e-01
6.744182807837595384e-01
8.242786294126158708e-01
4.536452648848012803e-01
9.187062365087151905e-01
2.363741915135207927e-01
2.609959883129729930e-01
5.003778294506296964e-01
1.739099010150253477e-01
9.777170606078019466e-01
5.682152854300712708e-01
7.151093294182719884e-01
8.130824542443003677e-01
7.477008050224155378e-01
5.876250145275420111e-01
6.515641758547907614e-02
6.492874802114692034e-01
6.094740272430924088e-01
3.518109510013017749e-01
2.223662102699107690e-01
1.305156709156563011e-01
1.500573798543753945e-01
7.176243265113726455e-01
3.183997319561479022e-01
4.581245673545429886e-01
3.289381079717634826e-02
6.846203888969984996e-01
7.904118527206116518e-02
2.602143119756882284e-01
4.379988548025316453e-01
8.379997549624468300e-01
8.775760875932350213e-01
4.963272151084278105e-01
4.711408891622235195e-01
5.586396692957761312e-01
1.528811758069960058e-01
7.602630827146924508e-01
8.799051523173583300e-01
9.256733496905341640e-01
3.984911371480927000e-01
5.259359643386916083e-01
6.123163379886411573e-01
4.361739867905863877e-01
5.900402190692282112e-01
8.107244824168395869e-01
5.714767759917938061e-02
5.403538725970612466e-01
1.113415168121382193e-01
4.956094384987098644e-01
1.654501268272229320e-01
9.545040756118442493e-01
9.928551636127661562e-01
7.677418497778805140e-01
7.395567802607472263e-02
9.549901379147458513e-01
5.566004074325399120e-01
7.678683085568169808e-01
1.139111451993261026e-01
8.832147528903385725e-01
2.949366124963970215e-01
1.246572094555969956e-01
2.447499521009085521e-01
1.910272323769758307e-01
4.203087334150534815e-02
7.515734342453219696e-01
8.000425192665499008e-01
2.482253431541094901e-01
2.046304134833508703e-01
2.884407272318023630e-02
8.218925183894884023e-01
5.664457768357848977e-01
2.849538565262732526e-02
4.758613661103563430e-01
8.861465943496582565e-02
6.068673924550176402e-01
3.587723004554915773e-01
7.061729608310939321e-01
1.985771412260062263e-02
5.531707145455718733e-01
2.327525510503823947e-01
7.619934212254867445e-01
1.760882395038164683e-01
4.312806108707910591e-01
7.302384889262569789e-02
6.353826561284777741e-01
2.189945880824075708e-01
9.278198466790114063e-01
8.128897332840925305e-01
8.656469938755839699e-02
4.435650429919899551e-01
7.500165463141229560e-01
5.150828124016122445e-01
9.754894322021717690e-01
4.794185689338440470e-01
6.767090276738735311e-01
2.497216758659722702e-01
8.766682710501829678e-01
2.415226116722963834e-01
2.502036943795254986e-01
6.013755919358674262e-01
6.316375332744232907e-01
6.998827443181451224e-01
9.272414249336027314e-01
5.905862802279340240e-01
7.371363061625734181e-01
7.145464768723156501e-01
3.806243154128335915e-01
3.543458665829413157e-01
2.068944261364241699e-01
4.984533112893333451e-01
5.716054672077276466e-01
7.506683616880670540e-01
4.385580835267935962e-01
5.407206234933269462e-01
4.103277299542369416e-01
4.925911425670475019e-01
7.208195456976098647e-01
1.336461749168553759e-01
2.307846619427149637e-01
6.589638055547721862e-01
6.374494968460507893e-01
1.396710577759001648e-01
7.242310127427153965e-02
3.138282877058411469e-01
5.931558227718679577e-01
2.687530500393734423e-01
1.733823597001014072e-01
7.119206008877078107e-01
1.013057915258991359e-01
5.095810973816082834e-01
1.021058965303246469e-01
6.254843372767678877e-01
9.415274149987064023e-01
9.972360184741733136e-01
9.333089774721985421e-01
3.060332086360210146e-01
2.777920672322192752e-01
9.467485491383116347e-01
6.247456067220946707e-01
2.935118490626162924e-01
8.195162052546566267e-01
8.065951714766305125e-01
2.104500124512721504e-01
4.284349319661916455e-01
8.978082442354144987e-01
4.810083907273168258e-01
5.838288467801300285e-01
6.244262299792435744e-01
4.577621528404005602e-01
9.143463143816087380e-01
6.536120705862804581e-01
3.155901113451572426e-01
8.506130466143274615e-01
6.480178653231515318e-01
4.521427896697750581e-01
1.561956263015520374e-01
9.077003580074143319e-01
8.674161115550838019e-02
8.094588002497071777e-03
5.725741792501910510e-01
5.316551424801532200e-01
6.345321976284348242e-01
8.566740104568264513e-01
6.020742203074884724e-01
5.541902701713463664e-01
9.022634459124028172e-01
3.387821675653392983e-01
5.650744527031856812e-01
1.237287441690592127e-01
8.616272908790871821e-01
6.717854464251666879e-01
9.202084856597408935e-01
7.439987223465062138e-01
4.656750144661260249e-01
3.092142753573201563e-02
1.517553823643246202e-01
1.159025804973393692e-01
9.796420959334993794e-01
3.348495580625933110e-01
1.940027303197311426e-03
6.271249201593893652e-01
8.071724224580146823e-01
7.696068737075957289e-01
9.038316186087166360e-01
1.918808938171370215e-01
6.466789863529709415e-02
1.086333992403921700e-01
5.133601916267084286e-01
8.829235490576735623e-01
9.048145572927046576e-02
6.177207126695868356e-01
8.655476777235029395e-01
8.107052847028890508e-01
3.154818815659139464e-01
5.531178494321905559e-01
1.681062089462629361e-01
2.989023010825980764e-01
8.101014288931805973e-01
4.324104845021327082e-01
4.585537085602749974e-01
2.576983023873478107e-01
7.732010658951569138e-01
8.578013802975706925e-01
3.209978522473084794e-01
4.557592642988701481e-01
5.846445248492998514e-01
7.478083707231916177e-01
6.448878862787463806e-01
2.056213019215223925e-01
9.090833304939307524e-01
4.982237528275581528e-01
8.616333744582238552e-01
2.474448973191372136e-01
3.246194629571922396e-01
6.057253645582864054e-01
4.953216408716520913e-02
3.773775893856731178e-01
6.217936566846021806e-01
6.976369633054257946e-01
9.922992810186603840e-02
3.885838080051862153e-01
5.953739590917990210e-01
1.255018556519752471e-01
7.818381853665860026e-01
2.891882889980375015e-01
9.668306991373721848e-01
2.605623621079677932e-01
2.316124886597343835e-01
7.629534321648107076e-01
4.768546372864931326e-01
3.697535119610487753e-01
3.438352361591068274e-01
2.994478920230567720e-01
8.466173181102593093e-01
9.930733804176756774e-01
1.692820417177854919e-01
8.837148230747480238e-01
9.815848218313935059e-01
4.395762129287331677e-01
1.375244539066065030e-01
5.482164032405167919e-01
3.603435535163449499e-01
4.637134686556148022e-01
9.522382583981631177e-01
8.235388240585073127e-02
9.553415512753163918e-01
4.533433208828390182e-01
1.487341211075461356e-01
9.011005566235505970e-01
1.538732570971498292e-01
3.767253416511723296e-01
4.643144801949222744e-01
2.462805266955828687e-01
4.773061855267111131e-01
5.070565523593023594e-01
9.469710382736504783e-01
1.515207592620331223e-01
2.197604460696503947e-01
2.509007417174496934e-01
6.717707610322463108e-01
3.718917182226508800e-01
5.105409156761915312e-01
8.093910135740755019e-01
7.831969652693949735e-01
2.462987876429622025e-01
6.267442777544128818e-01
4.730499144679538581e-01
5.888690515491478150e-01
7.280931029929520459e-01
7.004056397313176419e-01
4.654102967111911626e-01
6.661126486601711694e-01
9.301579075107626604e-01
4.706308472015795497e-01
9.352897807276059350e-01
1.227001078141420898e-02
6.459743225398211219e-01
3.404794376322084482e-02
3.898561958842140518e-01
1.604215825781726279e-01
4.768045944687591131e-01
3.083344549288495884e-01
4.258664410368834252e-01
1.248609717268553965e-01
9.448588343008895718e-01
